,A,C,D,E,F,G,H,I,K,L,M,N,P,Q,R,S,T,V,W,Y
A,1,0.10042,0.071316,0.06738,0.06129,0.12523,0.10491,0.049599,0.087884,0.094521,0.13511,0.097707,0.12145,0.11857,0.038198,0.071394,0.077633,0.090751,0.072609,0.10102
C,0.10042,1,0.089747,0.070432,0.072703,0.079683,0.12458,0.062156,0.099918,0.10426,0.093802,0.13039,0.086826,0.1234,0.043319,0.092692,0.098705,0.10242,0.11106,0.098727
D,0.071316,0.089747,1,0.09653,0.083057,0.065134,0.087389,0.086399,0.099249,0.073428,0.064984,0.081192,0.060917,0.087466,0.052438,0.16828,0.13186,0.086104,0.1001,0.073692
E,0.06738,0.070432,0.09653,1,0.063261,0.076647,0.080079,0.069553,0.074312,0.065526,0.058812,0.063746,0.057383,0.075607,0.055505,0.088858,0.089499,0.075074,0.077151,0.062221
F,0.06129,0.072703,0.083057,0.063261,1,0.055806,0.075525,0.063572,0.069088,0.071125,0.061341,0.060525,0.058989,0.080245,0.04605,0.088672,0.089958,0.079385,0.088103,0.077705
G,0.12523,0.079683,0.065134,0.076647,0.055806,1,0.10067,0.048052,0.077633,0.075853,0.083854,0.075925,0.08113,0.090638,0.040462,0.06319,0.069497,0.074404,0.064322,0.076074
H,0.10491,0.12458,0.087389,0.080079,0.075525,0.10067,1,0.059598,0.095808,0.11438,0.098367,0.099896,0.098804,0.14785,0.044564,0.086194,0.098678,0.1064,0.097468,0.10319
I,0.049599,0.062156,0.086399,0.069553,0.063572,0.048052,0.059598,1,0.063543,0.055683,0.047722,0.058176,0.046703,0.059483,0.052842,0.081586,0.082437,0.063342,0.077673,0.055237
K,0.087884,0.099918,0.099249,0.074312,0.069088,0.077633,0.095808,0.063543,1,0.086522,0.082446,0.11374,0.077651,0.10905,0.043574,0.091891,0.091985,0.090215,0.094178,0.082362
L,0.094521,0.10426,0.073428,0.065526,0.071125,0.075853,0.11438,0.055683,0.086522,1,0.10752,0.085495,0.10283,0.15944,0.043123,0.074224,0.088447,0.1027,0.10927,0.16416
M,0.13511,0.093802,0.064984,0.058812,0.061341,0.083854,0.098367,0.047722,0.082446,0.10752,1,0.089902,0.16315,0.12334,0.036032,0.064685,0.07121,0.093357,0.073827,0.10161
N,0.097707,0.13039,0.081192,0.063746,0.060525,0.075925,0.099896,0.058176,0.11374,0.085495,0.089902,1,0.081326,0.10115,0.039853,0.079228,0.07892,0.090006,0.080528,0.080989
P,0.12145,0.086826,0.060917,0.057383,0.058989,0.08113,0.098804,0.046703,0.077651,0.10283,0.16315,0.081326,1,0.11456,0.035547,0.060562,0.068221,0.091294,0.071881,0.094352
Q,0.11857,0.1234,0.087466,0.075607,0.080245,0.090638,0.14785,0.059483,0.10905,0.15944,0.12334,0.10115,0.11456,1,0.043062,0.08712,0.10155,0.11895,0.11024,0.14356
R,0.038198,0.043319,0.052438,0.055505,0.04605,0.040462,0.044564,0.052842,0.043574,0.043123,0.036032,0.039853,0.035547,0.043062,1,0.052936,0.052779,0.043046,0.049754,0.042075
S,0.071394,0.092692,0.16828,0.088858,0.088672,0.06319,0.086194,0.081586,0.091891,0.074224,0.064685,0.079228,0.060562,0.08712,0.052936,1,0.15595,0.087231,0.10671,0.077351
T,0.077633,0.098705,0.13186,0.089499,0.089958,0.069497,0.098678,0.082437,0.091985,0.088447,0.07121,0.07892,0.068221,0.10155,0.052779,0.15595,1,0.0963,0.11424,0.092602
V,0.090751,0.10242,0.086104,0.075074,0.079385,0.074404,0.1064,0.063342,0.090215,0.1027,0.093357,0.090006,0.091294,0.11895,0.043046,0.087231,0.0963,1,0.11189,0.089165
W,0.072609,0.11106,0.1001,0.077151,0.088103,0.064322,0.097468,0.077673,0.094178,0.10927,0.073827,0.080528,0.071881,0.11024,0.049754,0.10671,0.11424,0.11189,1,0.094181
Y,0.10102,0.098727,0.073692,0.062221,0.077705,0.076074,0.10319,0.055237,0.082362,0.16416,0.10161,0.080989,0.094352,0.14356,0.042075,0.077351,0.092602,0.089165,0.094181,1
