,A,C,D,E,F,G,H,I,K,L,M,N,P,Q,R,S,T,V,W,Y
A,1,0.055589,0.08017,0.069366,0.080813,0.068493,0.076574,0.13799,0.087309,0.075399,0.084025,0.065143,0.096056,0.075347,0.090897,0.11728,0.12154,0.074774,0.082534,0.10134
C,0.055589,1,0.083292,0.072544,0.044309,0.075876,0.082288,0.059887,0.071795,0.039655,0.040625,0.076915,0.046311,0.041339,0.061243,0.07408,0.068515,0.045516,0.054413,0.044231
D,0.08017,0.083292,1,0.12211,0.054944,0.11863,0.18292,0.090925,0.10279,0.048586,0.049118,0.12991,0.058062,0.04931,0.098996,0.14689,0.10838,0.055177,0.072876,0.054596
E,0.069366,0.072544,0.12211,1,0.0514,0.15418,0.12249,0.076318,0.078872,0.043199,0.044047,0.10744,0.051452,0.043856,0.079285,0.099432,0.091261,0.049843,0.061971,0.049258
F,0.080813,0.044309,0.054944,0.0514,1,0.050721,0.05366,0.063473,0.067424,0.084108,0.079941,0.046842,0.11221,0.077755,0.05698,0.064058,0.068873,0.07867,0.076964,0.10607
G,0.068493,0.075876,0.11863,0.15418,0.050721,1,0.12667,0.07412,0.082141,0.043608,0.044975,0.098372,0.052076,0.044312,0.078693,0.095043,0.090121,0.049806,0.063497,0.049942
H,0.076574,0.082288,0.18292,0.12249,0.05366,0.12667,1,0.085845,0.10292,0.046405,0.048502,0.12404,0.057159,0.047751,0.096049,0.13545,0.10635,0.053809,0.070825,0.053237
I,0.13799,0.059887,0.090925,0.076318,0.063473,0.07412,0.085845,1,0.081925,0.058834,0.062177,0.073822,0.070118,0.057707,0.094266,0.13041,0.12678,0.058574,0.069179,0.071813
K,0.087309,0.071795,0.10279,0.078872,0.067424,0.082141,0.10292,0.081925,1,0.056347,0.058853,0.073977,0.07794,0.059627,0.08572,0.10792,0.10189,0.06643,0.089495,0.067652
L,0.075399,0.039655,0.048586,0.043199,0.084108,0.043608,0.046405,0.058834,0.056347,1,0.13259,0.041783,0.10492,0.14368,0.053893,0.055,0.058727,0.089845,0.076779,0.15634
M,0.084025,0.040625,0.049118,0.044047,0.079941,0.044975,0.048502,0.062177,0.058853,0.13259,1,0.043039,0.10985,0.12336,0.056955,0.059132,0.06437,0.079984,0.075488,0.14599
N,0.065143,0.076915,0.12991,0.10744,0.046842,0.098372,0.12404,0.073822,0.073977,0.041783,0.043039,1,0.049022,0.042133,0.080837,0.099114,0.084704,0.047697,0.058315,0.04686
P,0.096056,0.046311,0.058062,0.051452,0.11221,0.052076,0.057159,0.070118,0.07794,0.10492,0.10985,0.049022,1,0.10798,0.061793,0.069527,0.074003,0.092325,0.088294,0.13725
Q,0.075347,0.041339,0.04931,0.043856,0.077755,0.044312,0.047751,0.057707,0.059627,0.14368,0.12336,0.042133,0.10798,1,0.054417,0.055336,0.060253,0.11015,0.084372,0.12083
R,0.090897,0.061243,0.098996,0.079285,0.05698,0.078693,0.096049,0.094266,0.08572,0.053893,0.056955,0.080837,0.061793,0.054417,1,0.11312,0.10152,0.063031,0.078231,0.061712
S,0.11728,0.07408,0.14689,0.099432,0.064058,0.095043,0.13545,0.13041,0.10792,0.055,0.059132,0.099114,0.069527,0.055336,0.11312,1,0.18927,0.05925,0.075205,0.066339
T,0.12154,0.068515,0.10838,0.091261,0.068873,0.090121,0.10635,0.12678,0.10189,0.058727,0.06437,0.084704,0.074003,0.060253,0.10152,0.18927,1,0.064149,0.081474,0.072385
V,0.074774,0.045516,0.055177,0.049843,0.07867,0.049806,0.053809,0.058574,0.06643,0.089845,0.079984,0.047697,0.092325,0.11015,0.063031,0.05925,0.064149,1,0.0966,0.087733
W,0.082534,0.054413,0.072876,0.061971,0.076964,0.063497,0.070825,0.069179,0.089495,0.076779,0.075488,0.058315,0.088294,0.084372,0.078231,0.075205,0.081474,0.0966,1,0.086939
Y,0.10134,0.044231,0.054596,0.049258,0.10607,0.049942,0.053237,0.071813,0.067652,0.15634,0.14599,0.04686,0.13725,0.12083,0.061712,0.066339,0.072385,0.087733,0.086939,1
