,A,C,D,E,F,G,H,I,K,L,M,N,P,Q,R,S,T,V,W,Y
A,1,0.072527,0.13049,0.14389,0.1309,0.11718,0.11322,0.16003,0.092237,0.10559,0.10811,0.090238,0.099645,0.081277,0.12006,0.23337,0.16528,0.065639,0.077846,0.13781
C,0.072527,1,0.10295,0.10563,0.092362,0.12924,0.14023,0.058707,0.15147,0.095167,0.09531,0.17948,0.11322,0.098504,0.080138,0.085105,0.089428,0.1035,0.12546,0.085918
D,0.13049,0.10295,1,0.20262,0.14346,0.18304,0.16111,0.091151,0.13386,0.11143,0.10818,0.1328,0.11633,0.09565,0.11342,0.17856,0.16479,0.078333,0.10033,0.11596
E,0.14389,0.10563,0.20262,1,0.16139,0.25711,0.19243,0.099071,0.14042,0.11538,0.11656,0.13421,0.12702,0.087511,0.12461,0.21306,0.16637,0.078566,0.10121,0.13305
F,0.1309,0.092362,0.14346,0.16139,1,0.14587,0.14713,0.099049,0.12168,0.10982,0.099852,0.11324,0.1213,0.087206,0.11921,0.19388,0.16982,0.072552,0.087782,0.13291
G,0.11718,0.12924,0.18304,0.25711,0.14587,1,0.34663,0.086856,0.16888,0.12165,0.12028,0.20218,0.16449,0.099018,0.1136,0.16661,0.15147,0.0907,0.12182,0.12958
H,0.11322,0.14023,0.16111,0.19243,0.14713,0.34663,1,0.083092,0.18172,0.1311,0.12986,0.23163,0.18969,0.10943,0.11486,0.15509,0.1505,0.09924,0.1257,0.13029
I,0.16003,0.058707,0.091151,0.099071,0.099049,0.086856,0.083092,1,0.069625,0.070353,0.072743,0.068287,0.072819,0.062364,0.093071,0.14294,0.10516,0.052117,0.060225,0.085015
K,0.092237,0.15147,0.13386,0.14042,0.12168,0.16888,0.18172,0.069625,1,0.12743,0.13149,0.2098,0.19471,0.13098,0.11552,0.1107,0.12051,0.12968,0.18409,0.11478
L,0.10559,0.095167,0.11143,0.11538,0.10982,0.12165,0.1311,0.070353,0.12743,1,0.21326,0.12687,0.15977,0.1247,0.09999,0.11114,0.14815,0.10092,0.12079,0.25173
M,0.10811,0.09531,0.10818,0.11656,0.099852,0.12028,0.12986,0.072743,0.13149,0.21326,1,0.12581,0.1791,0.13937,0.10131,0.10427,0.11977,0.11059,0.13384,0.15276
N,0.090238,0.17948,0.1328,0.13421,0.11324,0.20218,0.23163,0.068287,0.2098,0.12687,0.12581,1,0.17959,0.10974,0.09592,0.10969,0.11373,0.11285,0.14591,0.11259
P,0.099645,0.11322,0.11633,0.12702,0.1213,0.16449,0.18969,0.072819,0.19471,0.15977,0.1791,0.17959,1,0.1461,0.10576,0.11357,0.12579,0.12574,0.16962,0.1375
Q,0.081277,0.098504,0.09565,0.087511,0.087206,0.099018,0.10943,0.062364,0.13098,0.1247,0.13937,0.10974,0.1461,1,0.091943,0.083854,0.097159,0.14622,0.16929,0.10098
R,0.12006,0.080138,0.11342,0.12461,0.11921,0.1136,0.11486,0.093071,0.11552,0.09999,0.10131,0.09592,0.10576,0.091943,1,0.13425,0.13807,0.076404,0.088779,0.1157
S,0.23337,0.085105,0.17856,0.21306,0.19388,0.16661,0.15509,0.14294,0.1107,0.11114,0.10427,0.10969,0.11357,0.083854,0.13425,1,0.24581,0.069198,0.084606,0.1465
T,0.16528,0.089428,0.16479,0.16637,0.16982,0.15147,0.1505,0.10516,0.12051,0.14815,0.11977,0.11373,0.12579,0.097159,0.13807,0.24581,1,0.075774,0.093351,0.21938
V,0.065639,0.1035,0.078333,0.078566,0.072552,0.0907,0.09924,0.052117,0.12968,0.10092,0.11059,0.11285,0.12574,0.14622,0.076404,0.069198,0.075774,1,0.19583,0.082676
W,0.077846,0.12546,0.10033,0.10121,0.087782,0.12182,0.1257,0.060225,0.18409,0.12079,0.13384,0.14591,0.16962,0.16929,0.088779,0.084606,0.093351,0.19583,1,0.10089
Y,0.13781,0.085918,0.11596,0.13305,0.13291,0.12958,0.13029,0.085015,0.11478,0.25173,0.15276,0.11259,0.1375,0.10098,0.1157,0.1465,0.21938,0.082676,0.10089,1
