,A,C,D,E,F,G,H,I,K,L,M,N,P,Q,R,S,T,V,W,Y
A,1,0.12107,0.10907,0.12326,0.06909,0.12213,0.10272,0.25307,0.073832,0.11436,0.11575,0.12679,0.072783,0.095058,0.13078,0.16644,0.14586,0.06503,0.089517,0.19153
C,0.12107,1,0.17058,0.27037,0.11378,0.20824,0.26967,0.1315,0.12439,0.10928,0.072927,0.22168,0.10338,0.11602,0.29129,0.14608,0.16287,0.09361,0.13444,0.12695
D,0.10907,0.17058,1,0.2117,0.12399,0.12768,0.23351,0.13767,0.13903,0.14192,0.078647,0.14655,0.12774,0.15848,0.23937,0.17306,0.24263,0.10942,0.20188,0.12598
E,0.12326,0.27037,0.2117,1,0.11095,0.20946,0.25632,0.1511,0.11946,0.10835,0.073723,0.21031,0.097679,0.11301,0.23302,0.16861,0.18984,0.091137,0.13679,0.1356
F,0.06909,0.11378,0.12399,0.11095,1,0.082084,0.16137,0.07453,0.2214,0.091274,0.054856,0.083407,0.14495,0.11927,0.11778,0.082519,0.10154,0.16637,0.15481,0.081265
G,0.12213,0.20824,0.12768,0.20946,0.082084,1,0.14081,0.14359,0.088455,0.093088,0.076659,0.27284,0.079654,0.091225,0.16759,0.14195,0.13521,0.072379,0.096187,0.1184
H,0.10272,0.26967,0.23351,0.25632,0.16137,0.14081,1,0.11507,0.18141,0.11567,0.069089,0.15237,0.13492,0.14361,0.29672,0.13549,0.17933,0.12409,0.18723,0.11795
I,0.25307,0.1315,0.13767,0.1511,0.07453,0.14359,0.11507,1,0.078064,0.11983,0.11122,0.15055,0.076315,0.10263,0.15049,0.22267,0.19009,0.068653,0.099078,0.18498
K,0.073832,0.12439,0.13903,0.11946,0.2214,0.088455,0.18141,0.078064,1,0.10795,0.058316,0.090186,0.24695,0.15657,0.13317,0.08735,0.11133,0.29421,0.24254,0.09019
L,0.11436,0.10928,0.14192,0.10835,0.091274,0.093088,0.11567,0.11983,0.10795,1,0.11035,0.097268,0.1225,0.21822,0.13448,0.12399,0.16631,0.09873,0.16483,0.17791
M,0.11575,0.072927,0.078647,0.073723,0.054856,0.076659,0.069089,0.11122,0.058316,0.11035,1,0.077312,0.062188,0.081338,0.08357,0.10851,0.098619,0.054568,0.070237,0.11874
N,0.12679,0.22168,0.14655,0.21031,0.083407,0.27284,0.15237,0.15055,0.090186,0.097268,0.077312,1,0.081563,0.093747,0.18439,0.16217,0.15236,0.073681,0.10203,0.11798
P,0.072783,0.10338,0.12774,0.097679,0.14495,0.079654,0.13492,0.076315,0.24695,0.1225,0.062188,0.081563,1,0.20881,0.12095,0.08457,0.11017,0.29691,0.217,0.087289
Q,0.095058,0.11602,0.15848,0.11301,0.11927,0.091225,0.14361,0.10263,0.15657,0.21822,0.081338,0.093747,0.20881,1,0.14866,0.10982,0.1539,0.15448,0.25921,0.12808
R,0.13078,0.29129,0.23937,0.23302,0.11778,0.16759,0.29672,0.15049,0.13317,0.13448,0.08357,0.18439,0.12095,0.14866,1,0.18894,0.25353,0.10296,0.16033,0.14329
S,0.16644,0.14608,0.17306,0.16861,0.082519,0.14195,0.13549,0.22267,0.08735,0.12399,0.10851,0.16217,0.08457,0.10982,0.18894,1,0.24897,0.074291,0.10906,0.1566
T,0.14586,0.16287,0.24263,0.18984,0.10154,0.13521,0.17933,0.19009,0.11133,0.16631,0.098619,0.15236,0.11017,0.1539,0.25353,0.24897,1,0.09377,0.15452,0.17218
V,0.06503,0.09361,0.10942,0.091137,0.16637,0.072379,0.12409,0.068653,0.29421,0.09873,0.054568,0.073681,0.29691,0.15448,0.10296,0.074291,0.09377,1,0.18791,0.078595
W,0.089517,0.13444,0.20188,0.13679,0.15481,0.096187,0.18723,0.099078,0.24254,0.16483,0.070237,0.10203,0.217,0.25921,0.16033,0.10906,0.15452,0.18791,1,0.1194
Y,0.19153,0.12695,0.12598,0.1356,0.081265,0.1184,0.11795,0.18498,0.09019,0.17791,0.11874,0.11798,0.087289,0.12808,0.14329,0.1566,0.17218,0.078595,0.1194,1
