,A,C,D,E,F,G,H,I,K,L,M,N,P,Q,R,S,T,V,W,Y
A,1,0.076497,0.087994,0.095986,0.091791,0.10684,0.10597,0.071433,0.10174,0.10841,0.11212,0.082297,0.10331,0.079748,0.063097,0.11956,0.12667,0.060616,0.069591,0.11785
C,0.076497,1,0.09232,0.093683,0.06397,0.11229,0.13546,0.052947,0.114,0.078821,0.092969,0.1172,0.085737,0.093119,0.067838,0.080294,0.10415,0.074572,0.10547,0.080491
D,0.087994,0.09232,1,0.16406,0.077201,0.094899,0.11831,0.084325,0.11328,0.075176,0.075087,0.10375,0.07108,0.073334,0.069504,0.13555,0.12692,0.060914,0.085899,0.080051
E,0.095986,0.093683,0.16406,1,0.07278,0.10342,0.12498,0.077998,0.10179,0.07201,0.076132,0.10954,0.074373,0.068542,0.068427,0.13402,0.12263,0.060447,0.080486,0.076716
F,0.091791,0.06397,0.077201,0.07278,1,0.067702,0.07284,0.063687,0.09188,0.10624,0.087616,0.063818,0.083792,0.084461,0.050941,0.078835,0.089414,0.070987,0.071335,0.10845
G,0.10684,0.11229,0.094899,0.10342,0.067702,1,0.15865,0.056075,0.10363,0.082564,0.097119,0.13274,0.094016,0.078615,0.062377,0.08935,0.1019,0.066766,0.076161,0.081051
H,0.10597,0.13546,0.11831,0.12498,0.07284,0.15865,1,0.061649,0.12545,0.090092,0.1005,0.1451,0.096984,0.087596,0.072569,0.109,0.12837,0.068471,0.093634,0.09373
I,0.071433,0.052947,0.084325,0.077998,0.063687,0.056075,0.061649,1,0.062686,0.057248,0.054317,0.056617,0.052233,0.052676,0.059396,0.095945,0.076891,0.044714,0.055442,0.061192
K,0.10174,0.114,0.11328,0.10179,0.09188,0.10363,0.12545,0.062686,1,0.11946,0.12302,0.10125,0.1229,0.13416,0.063935,0.094562,0.11899,0.086462,0.12253,0.11759
L,0.10841,0.078821,0.075176,0.07201,0.10624,0.082564,0.090092,0.057248,0.11946,1,0.1573,0.07468,0.13854,0.1308,0.056187,0.080274,0.096083,0.085589,0.092762,0.21767
M,0.11212,0.092969,0.075087,0.076132,0.087616,0.097119,0.1005,0.054317,0.12302,0.1573,1,0.082413,0.13235,0.14433,0.058532,0.077308,0.094995,0.084728,0.092419,0.14562
N,0.082297,0.1172,0.10375,0.10954,0.063818,0.13274,0.1451,0.056617,0.10125,0.07468,0.082413,1,0.07732,0.073574,0.063437,0.089013,0.10192,0.064791,0.083958,0.075591
P,0.10331,0.085737,0.07108,0.074373,0.083792,0.094016,0.096984,0.052233,0.1229,0.13854,0.13235,0.07732,1,0.11578,0.052671,0.072982,0.086278,0.089728,0.087752,0.11901
Q,0.079748,0.093119,0.073334,0.068542,0.084461,0.078615,0.087596,0.052676,0.13416,0.1308,0.14433,0.073574,0.11578,1,0.057304,0.069518,0.085962,0.098188,0.12005,0.11709
R,0.063097,0.067838,0.069504,0.068427,0.050941,0.062377,0.072569,0.059396,0.063935,0.056187,0.058532,0.063437,0.052671,0.057304,1,0.080652,0.083314,0.045817,0.060171,0.059428
S,0.11956,0.080294,0.13555,0.13402,0.078835,0.08935,0.109,0.095945,0.094562,0.080274,0.077308,0.089013,0.072982,0.069518,0.080652,1,0.18582,0.056482,0.075329,0.087886
T,0.12667,0.10415,0.12692,0.12263,0.089414,0.1019,0.12837,0.076891,0.11899,0.096083,0.094995,0.10192,0.086278,0.085962,0.083314,0.18582,1,0.065101,0.089309,0.11248
V,0.060616,0.074572,0.060914,0.060447,0.070987,0.066766,0.068471,0.044714,0.086462,0.085589,0.084728,0.064791,0.089728,0.098188,0.045817,0.056482,0.065101,1,0.10622,0.075057
W,0.069591,0.10547,0.085899,0.080486,0.071335,0.076161,0.093634,0.055442,0.12253,0.092762,0.092419,0.083958,0.087752,0.12005,0.060171,0.075329,0.089309,0.10622,1,0.087944
Y,0.11785,0.080491,0.080051,0.076716,0.10845,0.081051,0.09373,0.061192,0.11759,0.21767,0.14562,0.075591,0.11901,0.11709,0.059428,0.087886,0.11248,0.075057,0.087944,1
