,A,C,D,E,F,G,H,I,K,L,M,N,P,Q,R,S,T,V,W,Y
A,1,0.077454,0.12596,0.092476,0.11963,0.10457,0.13029,0.22503,0.12789,0.11365,0.12681,0.08906,0.13101,0.096665,0.11826,0.18367,0.18662,0.077795,0.10024,0.15016
C,0.077454,1,0.10022,0.083004,0.068183,0.083936,0.12736,0.072873,0.10461,0.061141,0.063791,0.15644,0.071007,0.065188,0.075458,0.094993,0.097935,0.062925,0.086439,0.066597
D,0.12596,0.10022,1,0.12485,0.088946,0.15022,0.19541,0.12613,0.14,0.07494,0.07903,0.11478,0.087585,0.075404,0.0983,0.16191,0.14219,0.066849,0.093445,0.085357
E,0.092476,0.083004,0.12485,1,0.073725,0.17943,0.12779,0.089574,0.093222,0.061632,0.06451,0.085234,0.072965,0.065183,0.080917,0.12781,0.11264,0.056941,0.076538,0.069156
F,0.11963,0.068183,0.088946,0.073725,1,0.072822,0.088842,0.093036,0.11917,0.11024,0.11807,0.065858,0.15357,0.12489,0.081536,0.10874,0.11796,0.083875,0.09963,0.13442
G,0.10457,0.083936,0.15022,0.17943,0.072822,1,0.13624,0.10624,0.10039,0.070177,0.07281,0.096033,0.075929,0.066914,0.090453,0.12495,0.11562,0.061079,0.082005,0.079151
H,0.13029,0.12736,0.19541,0.12779,0.088842,0.13624,1,0.11329,0.14318,0.075875,0.08145,0.141,0.095497,0.080302,0.10581,0.20561,0.19738,0.072101,0.11101,0.088748
I,0.22503,0.072873,0.12613,0.089574,0.093036,0.10624,0.11329,1,0.10459,0.090906,0.097841,0.085212,0.09835,0.076435,0.10714,0.14186,0.1297,0.066087,0.082219,0.11035
K,0.12789,0.10461,0.14,0.093222,0.11917,0.10039,0.14318,0.10459,1,0.090746,0.1008,0.10533,0.1153,0.10178,0.1064,0.13871,0.14594,0.084684,0.13017,0.10815
L,0.11365,0.061141,0.07494,0.061632,0.11024,0.070177,0.075875,0.090906,0.090746,1,0.29071,0.062643,0.14827,0.15016,0.087118,0.084794,0.095238,0.10666,0.10265,0.2898
M,0.12681,0.063791,0.07903,0.06451,0.11807,0.07281,0.08145,0.097841,0.1008,0.29071,1,0.065644,0.18497,0.16834,0.092139,0.091118,0.10296,0.10979,0.1189,0.29112
N,0.08906,0.15644,0.11478,0.085234,0.065858,0.096033,0.141,0.085212,0.10533,0.062643,0.065644,1,0.070649,0.063167,0.08678,0.10711,0.10613,0.061936,0.082356,0.068924
P,0.13101,0.071007,0.087585,0.072965,0.15357,0.075929,0.095497,0.09835,0.1153,0.14827,0.18497,0.070649,1,0.18393,0.099011,0.10676,0.12228,0.11776,0.12776,0.17191
Q,0.096665,0.065188,0.075404,0.065183,0.12489,0.066914,0.080302,0.076435,0.10178,0.15016,0.16834,0.063167,0.18393,1,0.081426,0.084926,0.098142,0.13272,0.1377,0.14346
R,0.11826,0.075458,0.0983,0.080917,0.081536,0.090453,0.10581,0.10714,0.1064,0.087118,0.092139,0.08678,0.099011,0.081426,1,0.12117,0.12465,0.071703,0.095546,0.099835
S,0.18367,0.094993,0.16191,0.12781,0.10874,0.12495,0.20561,0.14186,0.13871,0.084794,0.091118,0.10711,0.10676,0.084926,0.12117,1,0.31939,0.070071,0.10087,0.10471
T,0.18662,0.097935,0.14219,0.11264,0.11796,0.11562,0.19738,0.1297,0.14594,0.095238,0.10296,0.10613,0.12228,0.098142,0.12465,0.31939,1,0.077264,0.11415,0.1216
V,0.077795,0.062925,0.066849,0.056941,0.083875,0.061079,0.072101,0.066087,0.084684,0.10666,0.10979,0.061936,0.11776,0.13272,0.071703,0.070071,0.077264,1,0.12333,0.097476
W,0.10024,0.086439,0.093445,0.076538,0.09963,0.082005,0.11101,0.082219,0.13017,0.10265,0.1189,0.082356,0.12776,0.1377,0.095546,0.10087,0.11415,0.12333,1,0.11422
Y,0.15016,0.066597,0.085357,0.069156,0.13442,0.079151,0.088748,0.11035,0.10815,0.2898,0.29112,0.068924,0.17191,0.14346,0.099835,0.10471,0.1216,0.097476,0.11422,1
