,A,C,D,E,F,G,H,I,K,L,M,N,P,Q,R,S,T,V,W,Y
A,1,0.076418,0.064733,0.075467,0.066012,0.091119,0.083965,0.056959,0.073208,0.084847,0.098113,0.08985,0.078958,0.071928,0.056098,0.081037,0.085934,0.059384,0.06144,0.094236
C,0.076418,1,0.086988,0.093937,0.08164,0.10146,0.13794,0.052543,0.10919,0.086944,0.086213,0.11984,0.089924,0.087914,0.068591,0.082544,0.09596,0.087989,0.087542,0.086925
D,0.064733,0.086988,1,0.12971,0.078833,0.081996,0.09701,0.076568,0.084917,0.066515,0.065067,0.09921,0.067032,0.072572,0.0837,0.11611,0.094136,0.06597,0.090183,0.068885
E,0.075467,0.093937,0.12971,1,0.072657,0.11867,0.10786,0.066665,0.088467,0.071375,0.070945,0.11974,0.067231,0.075015,0.088691,0.11829,0.10059,0.068051,0.082481,0.072363
F,0.066012,0.08164,0.078833,0.072657,1,0.068706,0.086368,0.051987,0.083976,0.084739,0.076926,0.077389,0.085014,0.08199,0.069299,0.082264,0.08725,0.073417,0.084431,0.089973
G,0.091119,0.10146,0.081996,0.11867,0.068706,1,0.11829,0.052475,0.09474,0.081039,0.088063,0.13544,0.083629,0.081282,0.063613,0.087505,0.089529,0.071494,0.073688,0.081821
H,0.083965,0.13794,0.09701,0.10786,0.086368,0.11829,1,0.054815,0.12088,0.092823,0.093024,0.15593,0.097354,0.096322,0.073582,0.094521,0.10479,0.087594,0.092861,0.090344
I,0.056959,0.052543,0.076568,0.066665,0.051987,0.052475,0.054815,1,0.051843,0.048524,0.047787,0.056522,0.04469,0.048253,0.057492,0.07339,0.059332,0.04365,0.053142,0.050387
K,0.073208,0.10919,0.084917,0.088467,0.083976,0.09474,0.12088,0.051843,1,0.088019,0.088021,0.11093,0.089216,0.097645,0.065777,0.08283,0.09789,0.091277,0.094734,0.082316
L,0.084847,0.086944,0.066515,0.071375,0.084739,0.081039,0.092823,0.048524,0.088019,1,0.17842,0.088206,0.10048,0.13117,0.059011,0.070129,0.09483,0.08668,0.092919,0.17175
M,0.098113,0.086213,0.065067,0.070945,0.076926,0.088063,0.093024,0.047787,0.088021,0.17842,1,0.093388,0.10992,0.12943,0.056484,0.070259,0.086618,0.086507,0.082621,0.1819
N,0.08985,0.11984,0.09921,0.11974,0.077389,0.13544,0.15593,0.056522,0.11093,0.088206,0.093388,1,0.089063,0.087102,0.068872,0.099122,0.097573,0.07281,0.08536,0.08781
P,0.078958,0.089924,0.067032,0.067231,0.085014,0.083629,0.097354,0.04469,0.089216,0.10048,0.10992,0.089063,1,0.10708,0.054945,0.067434,0.075595,0.082978,0.077499,0.098498
Q,0.071928,0.087914,0.072572,0.075015,0.08199,0.081282,0.096322,0.048253,0.097645,0.13117,0.12943,0.087102,0.10708,1,0.059498,0.070711,0.084287,0.12115,0.11903,0.11319
R,0.056098,0.068591,0.0837,0.088691,0.069299,0.063613,0.073582,0.057492,0.065777,0.059011,0.056484,0.068872,0.054945,0.059498,1,0.086391,0.08641,0.059056,0.068719,0.061214
S,0.081037,0.082544,0.11611,0.11829,0.082264,0.087505,0.094521,0.07339,0.08283,0.070129,0.070259,0.099122,0.067434,0.070711,0.086391,1,0.10537,0.060901,0.079401,0.077341
T,0.085934,0.09596,0.094136,0.10059,0.08725,0.089529,0.10479,0.059332,0.09789,0.09483,0.086618,0.097573,0.075595,0.084287,0.08641,0.10537,1,0.075035,0.082677,0.10204
V,0.059384,0.087989,0.06597,0.068051,0.073417,0.071494,0.087594,0.04365,0.091277,0.08668,0.086507,0.07281,0.082978,0.12115,0.059056,0.060901,0.075035,1,0.095868,0.07961
W,0.06144,0.087542,0.090183,0.082481,0.084431,0.073688,0.092861,0.053142,0.094734,0.092919,0.082621,0.08536,0.077499,0.11903,0.068719,0.079401,0.082677,0.095868,1,0.082303
Y,0.094236,0.086925,0.068885,0.072363,0.089973,0.081821,0.090344,0.050387,0.082316,0.17175,0.1819,0.08781,0.098498,0.11319,0.061214,0.077341,0.10204,0.07961,0.082303,1
